0 0.3536458333333333 0.5166666666666667 0.008333333333333333 0.040740740740740744
1 0.23463541666666668 0.5208333333333334 0.011979166666666667 0.05092592592592592
0 0.54921875 0.5115740740740741 0.008854166666666666 0.03425925925925926
0 0.58671875 0.524537037037037 0.021354166666666667 0.05462962962962963
1 0.8536458333333333 0.575462962962963 0.059375 0.18981481481481483
2 0.234375 0.500462962962963 0.004166666666666667 0.008333333333333333
2 0.35390625 0.5009259259259259 0.0036458333333333334 0.005555555555555556
2 0.5895833333333333 0.5013888888888889 0.005208333333333333 0.008333333333333333
2 0.5489583333333333 0.5 0.003125 0.005555555555555556
2 0.85390625 0.4962962962962963 0.0203125 0.02962962962962963
